-308.856628
-295.266449
-283.535553
-262.056488
-251.735474
-239.373444
-212.428085
-207.360062
-181.534714
-178.760468
-159.141983
-162.899094
-152.711624
-141.944229
-127.509010
-123.791672
-117.169716
-108.736214
-109.289444
-97.707199
-91.421295
-90.716446
-87.760216
-94.778214
-89.433044
-81.544601
-85.661377
-81.616806
-78.378990
-75.082680
-78.300499
-74.153641
-73.723900
-72.801826
-66.223564
-65.182152
-65.393845
-62.833359
-64.832848
-63.906063
-62.506149
-62.348339
-65.928886
-62.479095
-59.142422
-55.531349
-54.531685
-52.206600
-46.199081
-54.194149
-46.063095
-47.374146
-47.456051
-42.463345
-43.788334
-45.861046
-42.955494
-39.958153
-43.962051
-42.857853
-40.437202
-38.744099
-38.041718
-38.980312
-36.157799
-36.152142
-35.021408
-33.564003
-31.623507
-29.376501
-26.197058
-27.159447
-25.225559
-27.117710
-24.390451
-21.081753
-23.111450
-24.404001
-21.422354
-23.846901
-22.485346
-21.665102
-23.829950
-18.204247
-19.962353
-19.856249
-16.988005
-16.511650
-16.507196
-17.661402
-11.884151
-15.601197
-13.553044
-13.971096
-13.736850
-15.821349
-16.650454
-13.011100
-11.146051
-10.728148
-12.445798
-13.314853
-13.484398
-14.806903
-12.513000
-12.599648
-13.680899
-14.012103
-12.351002
-13.018846
-10.241650
-15.187850
-10.586600
-12.639950
-11.469852
-9.129851
-11.420001
-11.737148
-9.415854
-12.239902
-10.303950
-12.294599
-9.659851
-9.422401
-9.470201
-7.254702
-8.489599
-7.043651
-10.449850
-6.539001
-8.872450
-6.886849
-7.029850
-6.179350
-5.248350
-4.438050
-5.462451
-4.884848
-3.891549
-6.784299
-5.013801
-3.798401
-5.046999
-2.591600
-1.920200
-1.803199
-3.321150
-2.423999
-2.466850
-1.633650
-1.490500
-1.471300
-0.529200
-1.041550
-2.622900
-0.609500
-0.451650
-0.605250
-1.902950
-1.244650
-0.966800
-0.800851
-1.032200
-0.390500
0.145600
0.081900
-0.456850
-0.622900
1.105300
0.576100
-0.028000
0.243800
-0.189600
1.115650
0.806150
0.628900
0.793000
1.302600
0.578950
1.089050
1.565150
1.751400
1.120550
1.022400
1.276800
1.324450
1.757400
1.558900
1.987000
2.187950
2.084001
1.521400
1.541100
2.587600
3.679500
2.643050
2.030600
1.023700
2.306400
2.572150
3.624600
2.478600
1.840250
2.229300
2.682700
2.766001
3.781801
3.317350
1.422000
2.956300
4.048349
1.076500
3.436550
3.937549
5.125000
5.634949
4.696150
4.170000
2.979900
3.867599
0.822550
4.892351
3.428801
3.347999
5.655450
5.405849
4.971651
3.651499
3.884999
3.166850
7.028601
5.361700
4.592150
5.199849
8.843899
6.674448
7.774454
5.628100
7.761051
8.058147
6.959499
7.885404
9.285151
7.228449
10.629150
9.226999
8.279998
8.231750
7.268347
8.760052
6.867651
8.364498
8.703702
8.145850
9.696599
7.521903
9.572702
8.077303
8.453850
8.718154
6.782448
8.728601
8.057203
8.077799
9.310549
10.246098
9.901599
9.272847
8.193548
9.532001
7.864652
11.290502
11.100099
9.476250
8.537801
7.630648
7.558901
12.261099
11.932752
7.604154
11.992903
9.487050
11.050397
8.989799
11.991398
8.143201
12.131601
9.504401
11.542944
8.680149
11.420100
8.773150
11.267003
11.725105
11.644897
11.119451
12.850049
13.441249
12.423754
11.790854
13.662793
13.888799
13.950845
13.857148
12.847051
15.109852
14.235496
14.072597
14.697051
16.684149
16.617092
12.852252
16.010300
17.019394
17.243650
17.380404
18.377750
15.826350
15.132848
15.359391
17.224703
17.198952
19.206446
19.458149
19.322300
18.537901
17.218100
20.055107
19.699953
18.422356
20.040649
20.574995
18.738546
19.207609
19.175198
18.088297
20.747454
16.921047
16.998308
18.775694
18.106005
16.291958
20.238344
16.522697
17.694901
19.140549
13.912502
20.758753
21.714453
17.914850
19.816797
22.268452
15.793849
19.686251
21.154551
20.485950
22.373896
21.978149
22.836748
21.083391
17.533897
19.684303
21.066347
17.804197
19.964157
18.117294
22.557890
22.630100
21.588100
20.943199
21.079994
23.333294
20.410999
22.336094
18.959999
22.111948
22.381104
23.447788
24.607651
20.325001
17.372046
19.171297
22.802898
20.276449
25.278355
24.136547
24.582403
22.429499
20.109144
21.709951
23.321650
23.597343
24.332947
22.168297
22.815552
22.932503
23.080008
22.505251
24.306099
25.670843
22.800356
22.453249
20.946697
26.578691
22.740147
25.456110
24.951942
23.331749
23.460810
27.617556
24.879692
25.993492
29.053909
25.513254
28.106054
23.392246
30.967651
31.882448
27.460783
30.037657
32.407108
28.520054
29.787813
30.723993
32.615700
31.407839
29.799046
31.220055
32.616344
30.497997
29.142105
32.920242
33.390602
33.334354
36.698883
32.701649
34.155098
33.717342
35.124302
36.166088
36.906712
33.601154
31.273994
38.317505
35.004902
36.834404
37.529537
37.715084
34.130501
35.948009
29.214058
33.274200
33.329342
36.548042
38.455490
37.303352
38.001110
38.679806
35.533447
37.761402
34.775051
38.745846
38.041813
38.540089
38.264660
39.662003
36.546211
37.151501
36.383743
35.247353
37.638500
39.687145
36.508518
36.677410
36.917656
41.433144
37.092499
38.156887
39.089115
37.526749
40.271999
40.256645
37.920605
34.487343
42.474598
39.246449
35.223801
40.062756
40.393749
41.118507
42.243500
35.000195
41.234707
40.167801
38.083290
39.895054
39.383698
39.019165
39.666298
43.110504
41.214947
42.467461
38.975758
41.988338
41.421154
41.874691
37.703144
38.909496
38.955151
42.477211
39.142502
44.974655
41.881859
42.878803
41.245949
46.002560
45.923306
45.815052
46.813648
42.146706
43.941593
45.235104
45.348858
47.117397
47.605846
47.104351
45.293270
46.823502
45.955433
45.081818
44.318043
40.728554
46.137253
45.147446
44.518356
47.574097
49.005096
45.303505
47.832409
45.840153
44.277699
46.917744
44.783661
41.418320
48.529221
48.145767
48.969051
45.941406
50.253876
48.093094
49.216705
51.502609
54.738297
54.506702
53.635406
51.764408
58.277744
55.836845
53.584862
51.073750
52.892067
49.682938
56.806938
54.868725
56.536537
57.686085
60.416191
59.000660
62.276901
60.419537
61.450157
61.055283
62.083439
59.871368
62.432884
61.383629
62.480049
63.934570
58.346405
63.636940
59.550800
63.572392
61.574883
63.707436
62.392365
67.510574
65.980598
66.238205
64.102783
61.557426
56.716743
65.778557
66.391090
64.633507
68.447243
65.519928
63.827007
61.562016
64.409409
68.230652
65.218781
66.678406
70.891953
64.921646
68.259407
72.884834
62.880360
70.174431
72.181473
71.650253
69.709221
71.283493
76.432762
77.250351
75.931206
83.272285
84.272110
83.129883
87.333778
82.326828
91.134674
93.947990
87.556908
93.462646
90.759964
92.852364
89.371155
93.993698
93.733704
87.694687
88.889091
92.418167
97.685692
87.677704
94.226433
99.430176
101.987938
89.308640
104.229912
99.223015
100.335358
101.724388
103.886169
110.572014
110.605820
107.003624
108.177155
110.666985
98.764160
112.048805
115.051331
110.110725
114.319931
115.277420
116.660225
118.585632
116.917694
123.494347
128.689362
124.956467
128.485962
130.549500
122.312607
119.905228
124.680466
127.128571
123.766434
130.658432
127.253357
128.299026
131.163956
134.677628
133.887497
121.241570
129.463425
129.196838
127.974884
124.580605
134.766052
137.840759
134.522568
133.624817
134.218948
134.572525
139.266388
137.039566
129.662476
125.608078
138.742615
137.479645
141.941223
135.830429
135.667770
121.962746
129.554184
133.455627
143.308838
138.983337
130.511765
135.483109
139.739609
136.691956
147.221222
150.225784
142.439651
146.051758
141.494522
149.028091
152.747269
147.825348
150.430832
148.748230
156.310226
149.510025
150.392456
143.610855
149.486267
150.272369
152.824310
148.537582
147.460785
148.414444
145.913315
158.351532
151.312759
150.513046
153.151443
148.398560
147.891327
144.024460
150.246109
151.194901
148.243744
156.249008
160.332733
148.193863
157.783676
164.119537
146.702835
156.268631
159.938141
158.601151
162.020096
155.381927
154.433563
166.220398
166.330780
162.490036
161.127914
165.395737
171.504120
166.146118
165.428726
167.978226
166.857910
165.704391
166.629471
160.819183
167.700699
167.978531
172.308746
170.886566
166.958633
166.041351
171.941940
168.618210
181.043167
174.943146
183.319611
169.328476
169.510956
177.604050
177.153091
185.214096
178.766464
168.943375
186.305359
174.015762
188.009842
189.996231
183.980743
192.331131
187.440247
193.666580
199.518082
193.988373
194.747833
191.952271
202.144165
192.982620
192.898224
206.900208
207.334488
213.393341
202.759918
195.310760
211.747055
214.193100
212.604614
211.460022
214.702194
216.540253
225.050415
220.688110
226.416870
225.391891
229.233826
217.426575
223.669388
224.442169
228.773254
234.588821
223.274506
225.637970
222.414764
229.139526
223.214661
229.890900
233.792206
230.427734
231.230774
236.671402
222.345505
240.286224
235.775925
229.799393
229.161758
245.649536
244.145996
237.193100
249.864258
250.117767
248.251282
257.528900
245.961823
247.371918
258.998505
254.572845
261.897308
262.292999
262.689545
270.459167
264.386353
268.653381
271.610962
272.071289
262.155151
270.723999
276.296082
269.160065
277.606659
276.579956
276.069092
269.142181
266.961945
258.536560
264.137909
269.606415
269.017578
266.184875
276.613281
279.891693
285.672455
275.804016
282.384064
285.001923
282.757843
284.234131
276.270782
283.534210
279.702057
280.193756
262.557434
269.861420
269.762604
281.087036
280.768524
274.220947
289.301422
276.431061
290.208557
281.387482
285.841827
284.672974
272.702362
280.949036
279.498840
271.074158
283.872589
276.353912
278.284302
277.128784
284.024933
279.205231
284.428741
287.493744
292.587280
283.916382
279.588531
282.654724
291.735626
283.105804
282.515503
292.327393
273.670715
282.824036
290.143707
285.862854
287.445801
287.164215
280.579956
288.454132
292.424377
291.428955
296.938385
285.119171
294.517578
286.801971
280.158173
298.301392
295.788300
290.312469
291.900635
289.373199
300.584106
281.484589
294.358398
298.368774
296.516083
295.764130
293.584595
293.354187
289.930573
295.493286
296.281128
291.702942
302.732605
310.621979
305.393463
302.278687
305.411133
306.875214
297.594818
310.088989
306.978577
302.273743
313.901550
311.276398
315.436890
311.224701
311.871094
306.638275
285.302490
321.917511
297.892059
312.413147
316.574951
321.013275
317.507629
321.685455
323.253601
315.494263
319.606567
321.951782
319.101990
333.888367
320.065552
322.938080
314.462494
329.872650
335.899506
333.519989
331.005676
326.630829
316.795380
326.689148
339.145477
317.143188
323.237000
330.923004
334.846649
318.876556
335.769073
332.599426
336.069519
317.556763
321.215210
325.400452
330.695404
331.158173
331.123657
330.720703
332.508942
330.628357
340.142426
329.401642
334.567230
341.327942
338.479065
325.181763
